1   C 1   1   18.0    18.0    
2   C 1   2   18.0    36.0    
3   C 1   3   18.0    54.0    
4   V 1   5   18.0    90.0    
5   V 1   5   18.0    90.0    
6   C 1   5   18.0    90.0    
7   V 1   5   18.0    90.0    
8   C 1   4   18.0    72.0    
9   C 1   1   18.0    18.0    
10  V 1   1   18.0    18.0    
11  C 1   1   18.0    18.0    
12  V 1   1   18.0    18.0    
13  C 1   1   18.0    18.0    
14  V 1   1   18.0    18.0    
15  C 2   3   19.0    57.0    
16  V 2   3   19.0    57.0    
17  V 8   6   40.0    240.0   
18  C 8   6   40.0    240.0   
